0 436 93 510
44 381 97 436
56 301 90 336
42 266 71 305
15 174 34 204
39 137 60 168
48 80 64 104
137 104 163 153
182 1 281 41
270 55 301 126
214 47 264 104
197 95 260 158
185 193 223 243
136 229 187 311
244 177 272 224
225 226 258 292
128 300 184 361
118 361 184 410
153 403 184 458
175 448 210 511
229 455 268 512
370 379 408 418
192 356 235 404
212 295 252 339
439 296 474 330
407 260 438 307
370 140 415 190
355 81 376 112
304 80 326 121
431 215 468 264
482 321 506 372