0 0.675781 0.182617 0.085938 0.103516
1 0.497070 0.131836 0.107422 0.095703
2 0.512695 0.041016 0.111328 0.078125
3 0.536133 0.238281 0.091797 0.101562
4 0.276367 0.063477 0.103516 0.095703
5 0.789062 0.043945 0.101562 0.080078
6 0.833008 0.139648 0.099609 0.095703
7 0.877930 0.244141 0.087891 0.085938
8 0.925781 0.361328 0.113281 0.128906
9 0.613281 0.409180 0.089844 0.099609
10 0.181641 0.488281 0.097656 0.164062
11 0.596680 0.537109 0.080078 0.109375
12 0.513672 0.728516 0.070312 0.070312
13 0.312500 0.837891 0.109375 0.113281
27 0.678711 0.932617 0.107422 0.103516
15 0.800781 0.891602 0.125000 0.177734
16 0.200195 0.644531 0.111328 0.113281
17 0.140625 0.118164 0.097656 0.115234
18 0.958008 0.968750 0.083984 0.062500
19 0.075195 0.509766 0.099609 0.109375
20 0.091797 0.675781 0.085938 0.179688
21 0.149414 0.881836 0.134766 0.189453
22 0.428711 0.247070 0.060547 0.091797
23 0.360352 0.265625 0.064453 0.121094
24 0.335938 0.968750 0.105469 0.062500
25 0.304688 0.142578 0.105469 0.054688
26 0.510742 0.466797 0.080078 0.105469
