0 0.596680 0.333008 0.064453 0.060547
1 0.616211 0.415039 0.072266 0.076172
2 0.657227 0.505859 0.080078 0.082031
3 0.576172 0.264648 0.066406 0.064453
4 0.679688 0.621094 0.062500 0.058594
5 0.618164 0.655273 0.060547 0.064453
6 0.558594 0.686523 0.054688 0.064453
7 0.583984 0.537109 0.050781 0.074219
8 0.525391 0.623047 0.050781 0.054688
9 0.436523 0.703125 0.072266 0.082031
10 0.466797 0.260742 0.152344 0.154297
11 0.530273 0.447266 0.052734 0.062500
12 0.348633 0.329102 0.056641 0.072266
13 0.258789 0.326172 0.072266 0.066406
27 0.287109 0.391602 0.062500 0.056641
15 0.269531 0.827148 0.058594 0.056641
16 0.403320 0.620117 0.080078 0.072266
17 0.352539 0.726562 0.080078 0.078125
18 0.248047 0.761719 0.085938 0.062500
19 0.234375 0.684570 0.058594 0.052734
20 0.268555 0.586914 0.044922 0.056641
21 0.329102 0.622070 0.052734 0.076172
22 0.318359 0.470703 0.093750 0.082031
23 0.385742 0.542969 0.072266 0.054688
24 0.478516 0.408203 0.046875 0.050781
25 0.857422 0.439453 0.105469 0.097656
26 0.244141 0.525391 0.050781 0.046875
