0 0.081055 0.355469 0.095703 0.113281
1 0.072266 0.275391 0.062500 0.042969
2 0.205078 0.313477 0.054688 0.068359
3 0.316406 0.070312 0.078125 0.074219
4 0.495117 0.072266 0.064453 0.062500
5 0.570312 0.240234 0.062500 0.093750
6 0.264648 0.281250 0.048828 0.054688
7 0.236328 0.421875 0.050781 0.066406
8 0.463867 0.368164 0.072266 0.072266
9 0.714844 0.180664 0.054688 0.052734
10 0.306641 0.741211 0.062500 0.072266
11 0.740234 0.259766 0.078125 0.082031
12 0.689453 0.366211 0.058594 0.126953
13 0.631836 0.483398 0.072266 0.087891
27 0.549805 0.519531 0.064453 0.058594
15 0.573242 0.638672 0.072266 0.085938
16 0.519531 0.748047 0.093750 0.117188
17 0.473633 0.874023 0.103516 0.123047
