0 0.308594 0.241211 0.128906 0.138672
1 0.054688 0.223633 0.093750 0.142578
2 0.097656 0.329102 0.062500 0.123047
3 0.025391 0.340820 0.046875 0.154297
4 0.185547 0.325195 0.089844 0.130859
5 0.205078 0.481445 0.148438 0.154297
5 0.556641 0.257812 0.050781 0.050781
6 0.573242 0.323242 0.056641 0.048828
7 0.472656 0.356445 0.062500 0.091797
8 0.723633 0.365234 0.126953 0.121094
9 0.673828 0.451172 0.082031 0.085938
10 0.653320 0.532227 0.099609 0.107422
11 0.626953 0.663086 0.125000 0.162109
12 0.548828 0.762695 0.121094 0.123047
13 0.500977 0.856445 0.099609 0.115234
27 0.460938 0.956055 0.156250 0.087891
15 0.350586 0.970703 0.060547 0.058594
16 0.561523 0.026367 0.123047 0.048828
17 0.050781 0.493164 0.097656 0.126953
