0 0.779297 0.163086 0.078125 0.087891
1 0.558594 0.543945 0.125000 0.115234
2 0.377930 0.335938 0.103516 0.136719
3 0.053711 0.464844 0.103516 0.191406
4 0.723633 0.298828 0.111328 0.164062
5 0.782227 0.939453 0.173828 0.121094
6 0.908203 0.962891 0.085938 0.074219
7 0.969727 0.973633 0.060547 0.052734
8 0.279297 0.921875 0.089844 0.105469
9 0.481445 0.969727 0.091797 0.060547
10 0.679688 0.555664 0.082031 0.169922
11 0.124023 0.084961 0.240234 0.166016
12 0.082031 0.832031 0.058594 0.085938
13 0.171875 0.693359 0.066406 0.085938
27 0.227539 0.361328 0.111328 0.136719
15 0.281250 0.496094 0.101562 0.117188
