0 0.727539 0.129883 0.064453 0.130859
1 0.427734 0.045898 0.085938 0.087891
2 0.827148 0.090820 0.056641 0.107422
3 0.956055 0.276367 0.080078 0.154297
4 0.034180 0.172852 0.064453 0.111328
5 0.570312 0.181641 0.070312 0.121094
6 0.525391 0.078125 0.085938 0.074219
7 0.533203 0.628906 0.078125 0.175781
8 0.386719 0.335938 0.089844 0.113281
9 0.421875 0.465820 0.058594 0.134766
10 0.322266 0.474609 0.050781 0.058594
11 0.647461 0.195312 0.076172 0.085938
12 0.489258 0.393555 0.091797 0.130859
13 0.469727 0.565430 0.068359 0.142578
27 0.606445 0.801758 0.107422 0.126953
15 0.618164 0.691406 0.083984 0.093750
16 0.888672 0.054688 0.070312 0.101562
17 0.138672 0.350586 0.058594 0.080078
