0 0.594727 0.457031 0.072266 0.097656
1 0.704102 0.447266 0.087891 0.125000
2 0.445312 0.336914 0.082031 0.123047
3 0.333008 0.327148 0.068359 0.087891
4 0.236328 0.415039 0.050781 0.080078
5 0.200195 0.526367 0.060547 0.087891
6 0.195312 0.697266 0.078125 0.132812
7 0.641602 0.630859 0.072266 0.113281
8 0.833984 0.916016 0.015625 0.023438
9 0.856445 0.859375 0.009766 0.023438
10 0.875977 0.803711 0.017578 0.021484
11 0.887695 0.776367 0.021484 0.025391
12 0.898438 0.749023 0.019531 0.021484
13 0.911133 0.721680 0.025391 0.021484
27 0.924805 0.694336 0.025391 0.025391
