0 0.753906 0.653320 0.042969 0.048828
1 0.799805 0.697266 0.052734 0.066406
2 0.861328 0.722656 0.046875 0.058594
3 0.963867 0.839844 0.068359 0.082031
4 0.887695 0.143555 0.037109 0.072266
5 0.914062 0.205078 0.046875 0.074219
6 0.916016 0.305664 0.046875 0.087891
7 0.962891 0.091797 0.074219 0.179688
8 0.966797 0.371094 0.062500 0.218750
9 0.059570 0.414062 0.076172 0.082031
10 0.463867 0.261719 0.068359 0.074219
11 0.516602 0.328125 0.044922 0.050781
27 0.486328 0.743164 0.066406 0.064453
15 0.381836 0.864258 0.064453 0.095703
15 0.227539 0.470703 0.052734 0.054688
16 0.523438 0.487305 0.097656 0.142578
17 0.393555 0.565430 0.142578 0.123047
18 0.379883 0.438477 0.126953 0.134766
19 0.706055 0.088867 0.134766 0.173828
20 0.606445 0.090820 0.091797 0.177734
21 0.212891 0.284180 0.031250 0.041016
22 0.569336 0.911133 0.052734 0.056641
23 0.556641 0.821289 0.058594 0.068359
24 0.826172 0.858398 0.039062 0.052734
25 0.549805 0.388672 0.033203 0.046875
