0 0.091797 0.925781 0.179688 0.144531
1 0.139648 0.797852 0.103516 0.107422
2 0.144531 0.623047 0.066406 0.070312
3 0.111328 0.559570 0.054688 0.076172
4 0.047852 0.369141 0.037109 0.058594
5 0.096680 0.297852 0.041016 0.060547
6 0.109375 0.179688 0.031250 0.046875
7 0.292969 0.250977 0.050781 0.095703
8 0.453125 0.041016 0.195312 0.078125
9 0.559570 0.176758 0.060547 0.138672
10 0.466797 0.147461 0.097656 0.111328
11 0.448242 0.249023 0.123047 0.123047
12 0.399414 0.427734 0.072266 0.097656
13 0.316406 0.527344 0.101562 0.160156
27 0.505859 0.391602 0.054688 0.091797
15 0.471680 0.506836 0.064453 0.130859
16 0.305664 0.645508 0.111328 0.119141
17 0.294922 0.752930 0.128906 0.095703
18 0.330078 0.842773 0.058594 0.107422
19 0.376953 0.937500 0.070312 0.121094
20 0.485352 0.944336 0.076172 0.111328
21 0.759766 0.780273 0.074219 0.076172
22 0.418945 0.743164 0.083984 0.091797
23 0.455078 0.619141 0.078125 0.085938
24 0.892578 0.613281 0.070312 0.066406
25 0.827148 0.553711 0.060547 0.091797
26 0.767578 0.322266 0.085938 0.097656
28 0.715820 0.189453 0.041016 0.058594
29 0.616211 0.198242 0.041016 0.080078
30 0.877930 0.468750 0.072266 0.097656
31 0.964844 0.676758 0.046875 0.099609
