0 0.148438 0.391602 0.140625 0.169922
1 0.045898 0.458984 0.072266 0.128906
2 0.131836 0.708008 0.189453 0.185547
3 0.036133 0.822266 0.060547 0.066406
4 0.258789 0.558594 0.111328 0.125000
5 0.803711 0.641602 0.083984 0.111328
6 0.324219 0.050781 0.109375 0.097656
7 0.311523 0.163086 0.103516 0.123047
8 0.295898 0.676758 0.095703 0.103516
9 0.312500 0.777344 0.074219 0.078125
10 0.312500 0.928711 0.089844 0.138672
11 0.417969 0.034180 0.066406 0.064453
12 0.416016 0.100586 0.097656 0.052734
13 0.399414 0.193359 0.103516 0.125000
27 0.399414 0.286133 0.115234 0.083984
15 0.399414 0.381836 0.138672 0.130859
16 0.396484 0.503906 0.136719 0.140625
17 0.389648 0.640625 0.080078 0.148438
18 0.387695 0.779297 0.119141 0.117188
19 0.381836 0.923828 0.099609 0.152344
