0 0.210938 0.149414 0.058594 0.048828
1 0.196289 0.199219 0.056641 0.058594
2 0.177734 0.248047 0.039062 0.054688
3 0.142578 0.386719 0.050781 0.121094
4 0.142578 0.598633 0.035156 0.044922
5 0.610352 0.026367 0.099609 0.048828
6 0.676758 0.075195 0.076172 0.080078
7 0.571289 0.089844 0.099609 0.105469
8 0.619141 0.175781 0.046875 0.062500
9 0.556641 0.265625 0.078125 0.089844
10 0.508789 0.332031 0.080078 0.117188
11 0.673828 0.239258 0.101562 0.130859
12 0.684570 0.378906 0.072266 0.066406
13 0.628906 0.376953 0.046875 0.058594
27 0.645508 0.469727 0.064453 0.072266
15 0.554688 0.511719 0.109375 0.140625
16 0.471680 0.586914 0.099609 0.126953
17 0.401367 0.756836 0.095703 0.169922
18 0.273438 0.555664 0.050781 0.060547
19 0.608398 0.751953 0.060547 0.062500
20 0.588867 0.639648 0.041016 0.064453
21 0.586914 0.830078 0.060547 0.062500
22 0.581055 0.913086 0.076172 0.076172
23 0.406250 0.637695 0.101562 0.111328
