0 0.083984 0.033203 0.074219 0.062500
1 0.039062 0.145508 0.074219 0.126953
2 0.824219 0.167969 0.058594 0.085938
3 0.402344 0.166992 0.062500 0.052734
4 0.385742 0.217773 0.056641 0.060547
5 0.353516 0.284180 0.058594 0.060547
6 0.337891 0.325195 0.054688 0.044922
7 0.323242 0.365234 0.064453 0.050781
8 0.300781 0.427734 0.066406 0.058594
9 0.321289 0.538086 0.048828 0.064453
10 0.041992 0.968750 0.064453 0.058594
11 0.789062 0.246094 0.042969 0.066406
12 0.915039 0.968750 0.064453 0.058594
13 0.727539 0.510742 0.111328 0.154297
27 0.630859 0.660156 0.058594 0.097656
15 0.745117 0.809570 0.056641 0.064453
16 0.668945 0.803711 0.087891 0.119141
17 0.721680 0.676758 0.103516 0.111328
18 0.536133 0.666992 0.087891 0.119141
19 0.393555 0.565430 0.083984 0.111328
20 0.385742 0.386719 0.068359 0.105469
21 0.484375 0.291016 0.082031 0.183594
22 0.582031 0.430664 0.097656 0.169922
23 0.489258 0.444336 0.083984 0.107422
