0 0.437500 0.111328 0.097656 0.093750
1 0.032227 0.208008 0.060547 0.146484
2 0.385742 0.290039 0.111328 0.185547
3 0.503906 0.235352 0.105469 0.166016
4 0.362305 0.440430 0.119141 0.103516
5 0.587891 0.243164 0.054688 0.115234
6 0.659180 0.392578 0.083984 0.156250
7 0.582031 0.557617 0.085938 0.169922
8 0.566406 0.758789 0.066406 0.130859
9 0.467773 0.661133 0.052734 0.064453
10 0.404297 0.720703 0.082031 0.105469
11 0.426758 0.617188 0.044922 0.082031
12 0.335938 0.581055 0.070312 0.099609
13 0.515625 0.639648 0.042969 0.056641
27 0.098633 0.180664 0.037109 0.056641
